Position	t=0	t=10	t=30
-5.0	50.0	49.99842618685005	49.173300597764964
-4.99	50.0	49.998358630109855	49.161935800947134
-4.98	50.00000000000001	49.99829107336964	49.15057100412809
-4.970000000000001	50.00000000000001	49.99822351662943	49.139206207309044
-4.960000000000001	50.00000000000001	49.9981559598892	49.127841410489985
-4.950000000000001	50.00000000000001	49.99808840314899	49.11647661367094
-4.940000000000001	50.00000000000001	49.99802084640877	49.10511181685188
-4.9300000000000015	50.0	49.99795328966855	49.09374702003283
-4.920000000000002	50.00000000000001	49.99788573292834	49.08238222321379
-4.910000000000002	50.00000000000001	49.99781817618812	49.07101742639473
-4.900000000000002	50.0	49.997750619447906	49.05965262957568
-4.890000000000002	49.99999999999999	49.99765497844087	49.04689724351112
-4.880000000000003	49.99999999999999	49.99755933743382	49.03414185744521
-4.870000000000003	49.99999999999999	49.99746369642676	49.02138647137932
-4.860000000000003	49.99999999999999	49.997368055419706	49.00863108531342
-4.850000000000003	49.99999999999999	49.997272414412656	48.99587569924751
-4.840000000000003	50.0	49.997176773405606	48.98312031318162
-4.830000000000004	49.99999999999999	49.99708113239855	48.97036492711572
-4.820000000000004	49.99999999999999	49.9969854913915	48.95760954104981
-4.810000000000004	49.99999999999999	49.99688985038444	48.94485415498392
-4.800000000000004	50.0	49.9967942093774	48.932098768918024
-4.7900000000000045	50.0	49.99666133828082	48.91787615382716
-4.780000000000005	50.0	49.996528467184206	48.90365353873493
-4.770000000000005	50.0	49.996395596087595	48.889430923642685
-4.760000000000005	50.0	49.996262724991	48.875208308550455
-4.750000000000005	50.0	49.99612985389439	48.860985693458225
-4.7400000000000055	50.0	49.99599698279778	48.846763078365996
-4.730000000000006	49.99999999999999	49.995864111701174	48.83254046327376
-4.720000000000006	49.99999999999999	49.99573124060456	48.81831784818152
-4.710000000000006	49.99999999999999	49.99559836950795	48.804095233089285
-4.700000000000006	50.0	49.99546549841134	48.789872617997055
-4.690000000000007	50.0	49.99527967401081	48.77398242389373
-4.680000000000007	49.99999999999999	49.99509384961022	48.75809222978889
-4.670000000000007	49.99999999999999	49.99490802520963	48.74220203568405
-4.660000000000007	49.99999999999999	49.99472220080906	48.726311841579225
-4.6500000000000075	49.99999999999999	49.99453637640847	48.710421647474384
-4.640000000000008	49.99999999999999	49.99435055200788	48.69453145336955
-4.630000000000008	50.0	49.9941647276073	48.678641259264715
-4.620000000000008	49.99999999999999	49.99397890320671	48.662751065159874
-4.610000000000008	49.99999999999999	49.993793078806135	48.64686087105505
-4.6000000000000085	49.99999999999999	49.99360725440554	48.630970676950206
-4.590000000000009	49.99999999999999	49.99335354712647	48.61336178233626
-4.580000000000009	50.0	49.993099839847346	48.595752887720806
-4.570000000000009	49.99999999999999	49.99284613256821	48.57814399310534
-4.560000000000009	50.0	49.99259242528908	48.56053509848989
-4.55000000000001	49.99999999999999	49.992338718009954	48.54292620387444
-4.54000000000001	50.0	49.992085010730825	48.52531730925899
-4.53000000000001	50.0	49.9918313034517	48.507708414643524
-4.52000000000001	50.00000000000001	49.99157759617257	48.490099520028075
-4.5100000000000104	50.0	49.99132388889344	48.47249062541262
-4.500000000000011	50.0	49.99107018161431	48.454881730797155
-4.490000000000011	49.99999999999999	49.99072693631413	48.435407959502115
-4.480000000000011	50.0	49.9903836910139	48.415934188205505
-4.470000000000011	50.0	49.99004044571366	48.39646041690889
-4.4600000000000115	50.0	49.98969720041342	48.37698664561227
-4.450000000000012	50.0	49.989353955113174	48.357512874315645
-4.440000000000012	50.0	49.98901070981294	48.338039103019035
-4.430000000000012	50.00000000000001	49.9886674645127	48.31856533172242
-4.420000000000012	50.0	49.98832421921246	48.2990915604258
-4.410000000000013	50.0	49.987980973912215	48.27961778912918
-4.400000000000013	50.0	49.98763772861197	48.260144017832566
-4.390000000000013	50.0	49.98717153461342	48.238583793508376
-4.380000000000013	50.0	49.98670534061476	48.21702356918248
-4.370000000000013	50.0	49.98623914661611	48.19546334485658
-4.360000000000014	49.99999999999999	49.98577295261746	48.17390312053068
-4.350000000000014	49.99999999999999	49.985306758618805	48.15234289620478
-4.340000000000014	50.0	49.98484056462015	48.13078267187889
-4.330000000000014	49.99999999999999	49.984374370621495	48.109222447552995
-4.3200000000000145	50.00000000000001	49.983908176622855	48.0876622232271
-4.310000000000015	50.0	49.98344198262419	48.066101998901196
-4.300000000000015	50.0	49.98297578862554	48.0445417745753
-4.290000000000015	49.99999999999999	49.982350244765	48.020762188602454
-4.280000000000015	50.00000000000001	49.981724700904344	47.99698260262787
-4.270000000000016	50.00000000000001	49.98109915704369	47.97320301665327
-4.260000000000016	50.0	49.980473613183015	47.94942343067867
-4.250000000000016	50.0	49.97984806932236	47.925643844704084
-4.240000000000016	50.0	49.9792225254617	47.90186425872949
-4.230000000000016	50.0	49.97859698160104	47.87808467275489
-4.220000000000017	50.0	49.97797143774037	47.85430508678029
-4.210000000000017	50.00000000000001	49.977345893879715	47.83052550080569
-4.200000000000017	50.000000000000014	49.97672035001905	47.806745914831104
-4.190000000000017	49.99999999999999	49.97588556669168	47.780578777432794
-4.1800000000000175	49.99999999999999	49.97505078336416	47.75441164003268
-4.170000000000018	49.99999999999999	49.97421600003664	47.72824450263256
-4.160000000000018	50.0	49.97338121670912	47.70207736523245
-4.150000000000018	50.0	49.97254643338161	47.67591022783234
-4.140000000000018	50.00000000000001	49.9717116500541	47.64974309043223
-4.1300000000000185	50.0	49.97087686672658	47.623575953032116
-4.120000000000019	50.0	49.97004208339906	47.597408815632
-4.110000000000019	50.00000000000001	49.96920730007154	47.571241678231885
-4.100000000000019	50.0	49.96837251674402	47.54507454083177
-4.090000000000019	50.00000000000001	49.96726834341495	47.51635027588281
-4.08000000000002	50.0	49.966164170085676	47.48762601093197
-4.07000000000002	50.00000000000001	49.96505999675641	47.458901745981144
-4.06000000000002	50.0	49.96395582342713	47.430177481030306
-4.05000000000002	50.0	49.96285165009786	47.401453216079474
-4.0400000000000205	50.0	49.96174747676859	47.37272895112865
-4.030000000000021	50.0	49.960643303439326	47.34400468617782
-4.020000000000021	50.0	49.95953913011005	47.31528042122699
-4.010000000000021	50.0	49.95843495678079	47.28655615627616
-4.000000000000021	50.00000000000001	49.95733078345152	47.257831891325324
-3.9900000000000215	50.0	49.95587306580671	47.22633198010275
-3.9800000000000217	50.0	49.95441534816166	47.19483206887823
-3.970000000000022	50.0	49.952957630516615	47.1633321576537
-3.960000000000022	50.0	49.951499912871554	47.13183224642918
-3.9500000000000224	50.0	49.95004219522651	47.100332335204655
-3.9400000000000226	50.000000000000014	49.94858447758147	47.06883242398014
-3.930000000000023	50.0	49.94712675993642	47.03733251275561
-3.920000000000023	50.0	49.945669042291364	47.00583260153109
-3.9100000000000232	50.00000000000001	49.944211324646325	46.97433269030657
-3.9000000000000234	50.0	49.942753607001265	46.942832779082046
-3.8900000000000237	50.0	49.94084018273462	46.90834411446757
-3.880000000000024	50.0	49.93892675846766	46.873855449851085
-3.870000000000024	50.0	49.93701333420071	46.839366785234596
-3.8600000000000243	50.0	49.935099909933754	46.804878120618106
-3.8500000000000245	50.0	49.933186485666795	46.770389456001624
-3.8400000000000247	50.0	49.931273061399835	46.735900791385134
-3.830000000000025	50.0	49.92935963713289	46.70141212676865
-3.820000000000025	49.99999999999999	49.927446212865924	46.66692346215216
-3.8100000000000254	50.0	49.92553278859898	46.63243479753568
-3.8000000000000256	50.0	49.92361936433202	46.59794613291919
-3.790000000000026	49.99999999999999	49.92115867142297	46.560440751802815
-3.780000000000026	50.0	49.91869797851357	46.52293537068451
-3.770000000000026	50.0	49.916237285604176	46.4854299895662
-3.7600000000000264	50.00000000000001	49.913776592694774	46.44792460844789
-3.7500000000000266	50.0	49.91131589978537	46.410419227329584
-3.740000000000027	50.00000000000001	49.90885520687598	46.37291384621128
-3.730000000000027	50.0	49.906394513966575	46.33540846509297
-3.7200000000000273	50.0	49.90393382105717	46.29790308397465
-3.7100000000000275	50.0	49.90147312814777	46.260397702856345
-3.7000000000000277	50.0	49.89901243523837	46.222892321738044
-3.690000000000028	50.0	49.89582309161836	46.1820178716221
-3.680000000000028	50.0	49.892633747997905	46.14114342150409
-3.6700000000000284	50.0	49.88944440437745	46.100268971386086
-3.6600000000000286	49.99999999999999	49.88625506075699	46.05939452126807
-3.6500000000000288	49.99999999999999	49.883065717136525	46.01852007115006
-3.640000000000029	50.0	49.879876373516076	45.977645621032046
-3.630000000000029	50.0	49.87668702989562	45.93677117091404
-3.6200000000000294	50.00000000000001	49.873497686275165	45.89589672079603
-3.6100000000000296	50.0	49.8703083426547	45.85502227067802
-3.60000000000003	50.0	49.86711899903425	45.81414782056001
-3.59000000000003	50.0	49.863018389521585	45.769693632836116
-3.5800000000000303	49.99999999999999	49.85891778000839	45.72523944511013
-3.5700000000000305	50.0	49.854817170495195	45.68078525738415
-3.5600000000000307	50.0	49.85071656098199	45.636331069658155
-3.550000000000031	50.0	49.846615951468806	45.59187688193218
-3.540000000000031	50.0	49.84251534195561	45.54742269420619
-3.5300000000000313	50.0	49.838414732442416	45.50296850648021
-3.5200000000000315	50.0	49.83431412292922	45.45851431875422
-3.5100000000000318	50.0	49.83021351341602	45.414060131028236
-3.500000000000032	50.00000000000001	49.82611290390283	45.36960594330225
-3.490000000000032	49.99999999999999	49.82092441898754	45.32153495385149
-3.4800000000000324	50.0	49.815735934071654	45.27346396439873
-3.4700000000000326	50.0	49.81054744915578	45.22539297494596
-3.460000000000033	50.0	49.805358964239886	45.1773219854932
-3.450000000000033	50.0	49.80017047932401	45.12925099604044
-3.4400000000000333	50.0	49.79498199440812	45.08118000658767
-3.4300000000000335	50.0	49.78979350949224	45.03310901713491
-3.4200000000000337	49.99999999999999	49.78460502457635	44.985038027682144
-3.410000000000034	49.99999999999999	49.77941653966047	44.936967038229376
-3.400000000000034	49.99999999999999	49.77422805474458	44.88889604877662
-3.3900000000000343	50.0	49.76765643954374	44.83689464690493
-3.3800000000000345	50.0	49.76108482434217	44.78489324503117
-3.3700000000000347	50.00000000000001	49.7545132091406	44.73289184315742
-3.360000000000035	50.0	49.74794159393902	44.68089044128365
-3.350000000000035	50.0	49.74136997873744	44.6288890394099
-3.3400000000000354	50.0	49.734798363535866	44.57688763753613
-3.3300000000000356	50.0	49.728226748334286	44.524886235662365
-3.320000000000036	50.00000000000001	49.72165513313273	44.47288483378862
-3.310000000000036	50.0	49.71508351793114	44.420883431914845
-3.3000000000000362	50.0	49.70851190272957	44.36888203004109
-3.2900000000000365	50.0	49.70024605051434	44.31275379507574
-3.2800000000000367	49.99999999999999	49.69198019829826	44.25662556010835
-3.270000000000037	49.99999999999999	49.68371434608218	44.20049732514096
-3.260000000000037	50.0	49.675448493866114	44.14436909017357
-3.2500000000000373	50.0	49.667182641650044	44.08824085520617
-3.2400000000000375	50.0	49.658916789433974	44.03211262023878
-3.2300000000000377	50.0	49.650650937217904	43.97598438527139
-3.220000000000038	50.0	49.642385085001834	43.919856150304
-3.210000000000038	49.99999999999999	49.63411923278576	43.863727915336604
-3.2000000000000384	50.0	49.625853380569694	43.80759968036921
-3.1900000000000386	50.0	49.615551749107354	43.74720548191207
-3.180000000000039	50.0	49.605250117644076	43.68681128345294
-3.170000000000039	50.0	49.5949484861808	43.62641708499381
-3.160000000000039	50.0	49.58464685471751	43.56602288653468
-3.1500000000000394	50.0	49.574345223254234	43.50562868807555
-3.1400000000000396	50.0	49.564043591790956	43.44523448961642
-3.13000000000004	50.0	49.55374196032767	43.38484029115728
-3.12000000000004	49.99999999999999	49.543440328864385	43.324446092698146
-3.1100000000000403	49.99999999999999	49.5331386974011	43.26405189423902
-3.1000000000000405	49.99999999999999	49.52283706593782	43.20365769577989
-3.0900000000000407	50.00000000000001	49.510088972725256	43.13883682479434
-3.080000000000041	50.0	49.497340879511604	43.07401595380684
-3.070000000000041	50.00000000000001	49.48459278629795	43.009195082819346
-3.0600000000000414	50.0	49.47184469308431	42.944374211831835
-3.0500000000000416	50.0	49.45909659987066	42.87955334084434
-3.040000000000042	50.00000000000001	49.44634850665702	42.81473246985685
-3.030000000000042	50.00000000000001	49.43360041344336	42.749911598869346
-3.020000000000042	50.00000000000001	49.420852320229706	42.68509072788184
-3.0100000000000424	50.00000000000001	49.40810422701607	42.62026985689435
-3.0000000000000426	50.00000000000001	49.39535613380241	42.55544898590684
-2.990000000000043	49.99999999999999	49.37967881601536	42.486003799579315
-2.980000000000043	49.99999999999999	49.36400149822711	42.41655861324989
-2.9700000000000433	49.99999999999999	49.348324180438865	42.34711342692047
-2.9600000000000435	49.99999999999999	49.33264686265062	42.27766824059104
-2.9500000000000437	49.99999999999999	49.316969544862374	42.20822305426162
-2.940000000000044	49.99999999999999	49.301292227074136	42.138777867932205
-2.930000000000044	49.99999999999999	49.28561490928589	42.06933268160279
-2.9200000000000443	50.0	49.269937591497644	41.99988749527336
-2.9100000000000446	49.99999999999999	49.254260273709384	41.93044230894393
-2.9000000000000448	49.999999999999986	49.238582955921146	41.860997122614506
-2.890000000000045	50.0	49.219429508217374	41.78677783077342
-2.880000000000045	49.99999999999999	49.20027606051227	41.71255853893051
-2.8700000000000454	49.99999999999999	49.181122612807165	41.63833924708759
-2.8600000000000456	50.0	49.161969165102064	41.564119955244685
-2.850000000000046	50.0	49.142815717396964	41.48990066340178
-2.840000000000046	50.00000000000001	49.12366226969187	41.415681371558875
-2.8300000000000463	50.0	49.10450882198676	41.34146207971596
-2.8200000000000465	50.00000000000001	49.08535537428166	41.26724278787306
-2.8100000000000467	50.0	49.06620192657656	41.19302349603014
-2.800000000000047	50.0	49.04704847887145	41.118804204187235
-2.790000000000047	50.0	49.02379007714406	41.039626567884184
-2.7800000000000473	50.0	49.00053167541521	40.96044893157939
-2.7700000000000475	49.99999999999999	48.97727327368636	40.88127129527459
-2.7600000000000477	50.0	48.95401487195751	40.802093658969795
-2.750000000000048	50.0	48.93075647022867	40.722916022665
-2.740000000000048	50.0	48.907498068499834	40.6437383863602
-2.7300000000000484	50.0	48.88423966677099	40.564560750055406
-2.7200000000000486	50.00000000000001	48.86098126504215	40.485383113750615
-2.710000000000049	50.0	48.837722863313296	40.40620547744581
-2.700000000000049	50.00000000000001	48.81446446158446	40.32702784114102
-2.6900000000000492	50.0	48.78654936513204	40.24288947774852
-2.6800000000000495	50.0	48.758634268678136	40.15875111435442
-2.6700000000000497	49.99999999999999	48.73071917222422	40.074612750960334
-2.66000000000005	49.99999999999999	48.70280407577031	39.990474387566245
-2.65000000000005	49.99999999999999	48.67488897931639	39.906336024172155
-2.6400000000000503	49.99999999999999	48.64697388286248	39.822197660778066
-2.6300000000000505	49.99999999999999	48.619058786408566	39.73805929738397
-2.6200000000000507	50.00000000000001	48.59114368995466	39.65392093398988
-2.610000000000051	49.99999999999999	48.563228593500746	39.56978257059579
-2.600000000000051	50.0	48.535313497046836	39.4856442072017
-2.5900000000000514	50.0	48.501867228881366	39.396291521378586
-2.5800000000000516	50.0	48.46842096071428	39.306938835553936
-2.570000000000052	50.0	48.434974692547186	39.217586149729286
-2.560000000000052	50.0	48.401528424380096	39.128233463904635
-2.5500000000000522	49.99999999999999	48.368082156213	39.038880778079985
-2.5400000000000524	50.0	48.334635888045916	38.949528092255335
-2.5300000000000527	50.0	48.30118961987882	38.860175406430685
-2.520000000000053	50.00000000000001	48.26774335171174	38.77082272060604
-2.510000000000053	50.0	48.23429708354464	38.681470034781384
-2.5000000000000533	50.0	48.20085081537756	38.59211734895674
-2.4900000000000535	50.0	48.1609706589101	38.497384402624476
-2.4800000000000537	49.99999999999999	48.121090502440964	38.40265145629079
-2.470000000000054	50.0	48.08121034597182	38.30791850995712
-2.460000000000054	50.0	48.04133018950267	38.21318556362344
-2.4500000000000544	50.0	48.001450033033535	38.11845261728976
-2.4400000000000546	50.0	47.9615698765644	38.02371967095608
-2.430000000000055	50.0	47.921689720095245	37.9289867246224
-2.420000000000055	50.0	47.881809563626106	37.83425377828872
-2.410000000000055	50.00000000000001	47.84192940715697	37.73952083195504
-2.4000000000000554	50.0	47.80204925068782	37.64478788562136
-2.3900000000000556	50.0	47.75483742290877	37.544603030853516
-2.380000000000056	49.99999999999999	47.70762559512799	37.4444181760844
-2.370000000000056	50.0	47.66041376734722	37.344233321315286
-2.3600000000000563	50.0	47.61320193956646	37.244048466546175
-2.3500000000000565	50.0	47.56599011178569	37.143863611777064
-2.3400000000000567	50.0	47.51877828400492	37.04367875700794
-2.330000000000057	50.0	47.47156645622415	36.94349390223883
-2.320000000000057	50.00000000000001	47.42435462844338	36.84330904746972
-2.3100000000000573	50.0	47.37714280066261	36.7431241927006
-2.3000000000000576	50.0	47.32993097288183	36.64293933793148
-2.2900000000000578	50.0	47.27479085841753	36.537447222364236
-2.280000000000058	50.0	47.21965074395159	36.431955106795904
-2.270000000000058	50.0	47.164510629485655	36.326462991227565
-2.2600000000000584	50.0	47.10937051501972	36.22097087565923
-2.2500000000000586	50.0	47.05423040055378	36.115478760090895
-2.240000000000059	50.00000000000001	46.99909028608785	36.009986644522556
-2.230000000000059	50.0	46.94395017162191	35.90449452895422
-2.2200000000000593	50.0	46.88881005715598	35.799002413385885
-2.2100000000000595	50.00000000000001	46.83366994269004	35.69351029781755
-2.2000000000000597	50.0	46.778529828224094	35.58801818224921
-2.19000000000006	50.0	46.714620207747515	35.47722308112182
-2.18000000000006	50.0	46.65071058726939	35.36642797999351
-2.1700000000000603	50.0	46.586800966791266	35.2556328788652
-2.1600000000000605	49.99999999999999	46.52289134631314	35.14483777773688
-2.1500000000000608	50.0	46.45898172583502	35.034042676608564
-2.140000000000061	50.0	46.39507210535689	34.923247575480254
-2.130000000000061	50.0	46.33116248487876	34.812452474351936
-2.1200000000000614	49.99999999999999	46.26725286440063	34.701657373223625
-2.1100000000000616	49.99999999999999	46.203343243922504	34.59086227209531
-2.100000000000062	50.0	46.13943362344438	34.480067170967
-2.090000000000062	50.0	46.064899937149676	34.36345992150751
-2.0800000000000622	50.0	45.990366250853384	34.246852672047154
-2.0700000000000625	50.00000000000001	45.91583256455712	34.1302454225868
-2.0600000000000627	50.0	45.84129887826083	34.013638173126445
-2.050000000000063	50.0	45.766765191964545	33.897030923666094
-2.040000000000063	50.0	45.69223150566827	33.780423674205736
-2.0300000000000633	50.0	45.61769781937198	33.663816424745384
-2.0200000000000635	50.0	45.5431641330757	33.54720917528503
-2.0100000000000637	50.0	45.46863044677943	33.43060192582468
-2.000000000000064	50.00000000000001	45.39409676048315	33.31399467636433
-1.9900000000000642	50.0	45.30804185816857	33.191704605661066
-1.9800000000000644	50.0	45.22198695585257	33.069414534957104
-1.9700000000000646	50.00000000000001	45.13593205353658	32.94712446425315
-1.9600000000000648	50.0	45.04987715122057	32.82483439354918
-1.950000000000065	50.0	44.96382224890456	32.70254432284523
-1.9400000000000652	50.000000000000014	44.87776734658857	32.58025425214127
-1.9300000000000654	50.0	44.79171244427256	32.457964181437305
-1.9200000000000657	50.00000000000001	44.70565754195657	32.33567411073335
-1.9100000000000659	50.0	44.61960263964056	32.21338404002938
-1.900000000000066	50.00000000000001	44.53354773732456	32.09109396932543
-1.8900000000000663	49.99999999999999	44.43612160194657	31.963678199460603
-1.8800000000000665	49.99999999999999	44.33869546656724	31.83626242959518
-1.8700000000000667	50.0	44.24126933118791	31.708846659729765
-1.860000000000067	50.0	44.14384319580858	31.58143088986434
-1.8500000000000671	50.0	44.04641706042925	31.454015119998918
-1.8400000000000674	50.0	43.94899092504993	31.3265993501335
-1.8300000000000676	50.0	43.85156478967059	31.199183580268077
-1.8200000000000678	50.00000000000001	43.75413865429127	31.07176781040266
-1.810000000000068	50.0	43.65671251891194	30.944352040537233
-1.8000000000000682	50.0	43.5592863835326	30.81693627067181
-1.7900000000000684	49.99999999999999	43.44834383653317	30.68392238818502
-1.7800000000000686	50.0	43.3374012895322	30.550908505697592
-1.7700000000000689	50.00000000000001	43.226458742531236	30.417894623210167
-1.760000000000069	50.0	43.115516195530255	30.284880740722734
-1.7500000000000693	50.0	43.00457364852929	30.1518668582353
-1.7400000000000695	50.0	42.893631101528314	30.018852975747876
-1.7300000000000697	50.00000000000001	42.78268855452734	29.88583909326045
-1.72000000000007	50.0	42.671746007526366	29.75282521077302
-1.7100000000000701	50.0	42.5608034605254	29.61981132828559
-1.7000000000000703	50.00000000000001	42.44986091352443	29.486797445798164
-1.6900000000000706	50.00000000000001	42.32478451821422	29.34838757721734
-1.6800000000000708	50.0	42.19970812290248	29.209977708635925
-1.670000000000071	50.00000000000001	42.07463172759074	29.07156784005452
-1.6600000000000712	50.0	41.949555332279	28.933157971473108
-1.6500000000000714	50.0	41.82447893696725	28.794748102891703
-1.6400000000000716	50.00000000000001	41.699402541655516	28.656338234310294
-1.6300000000000718	50.0	41.57432614634377	28.517928365728878
-1.620000000000072	50.0	41.44924975103203	28.379518497147473
-1.6100000000000723	50.00000000000001	41.3241733557203	28.241108628566064
-1.6000000000000725	50.0	41.199096960408546	28.10269875998465
-1.5900000000000727	49.99999999999999	41.0598255441197	27.959280793337218
-1.580000000000073	49.99999999999999	40.920554127829384	27.81586282668927
-1.5700000000000731	50.00000000000001	40.78128271153908	27.672444860041324
-1.5600000000000733	50.0	40.642011295248764	27.529026893393368
-1.5500000000000735	50.0	40.502739878958465	27.38560892674542
-1.5400000000000738	50.0	40.36346846266815	27.242190960097474
-1.530000000000074	50.0	40.22419704637784	27.098772993449522
-1.5200000000000742	50.0	40.084925630087525	26.95535502680157
-1.5100000000000744	50.0	39.94565421379721	26.811937060153618
-1.5000000000000746	50.0	39.806382797506906	26.66851909350567
-1.4900000000000748	50.0	39.65152120392006	26.51998145245799
-1.480000000000075	50.0	39.49665961033191	26.371443811409883
-1.4700000000000752	50.00000000000001	39.34179801674376	26.22290617036177
-1.4600000000000755	49.99999999999999	39.18693642315561	26.074368529313663
-1.4500000000000757	49.99999999999999	39.03207482956745	25.925830888265555
-1.4400000000000759	50.0	38.877213235979305	25.777293247217447
-1.430000000000076	50.00000000000001	38.72235164239115	25.62875560616934
-1.4200000000000763	50.0	38.567490048803	25.48021796512123
-1.4100000000000765	50.0	38.41262845521485	25.331680324073126
-1.4000000000000767	50.0	38.25776686162669	25.183142683025014
-1.390000000000077	50.0	38.08646731059334	25.029573138040163
-1.3800000000000772	50.0	37.91516775955907	24.876003593055028
-1.3700000000000774	50.0	37.743868208524795	24.722434048069886
-1.3600000000000776	50.0	37.57256865749053	24.568864503084754
-1.3500000000000778	50.0	37.401269106456255	24.415294958099615
-1.340000000000078	50.0	37.22996955542198	24.261725413114476
-1.3300000000000782	50.0	37.05867000438771	24.108155868129337
-1.3200000000000784	50.0	36.887370453353434	23.954586323144206
-1.3100000000000787	49.99999999999999	36.71607090231917	23.801016778159067
-1.3000000000000789	49.99999999999999	36.54477135128489	23.647447233173928
-1.290000000000079	50.0	36.35709285582058	23.489159753283097
-1.2800000000000793	49.99999999999999	36.16941436035578	23.33087227339212
-1.2700000000000795	50.0	35.981735864890986	23.172584793501144
-1.2600000000000797	49.99999999999999	35.794057369426184	23.014297313610168
-1.25000000000008	49.99999999999999	35.60637887396138	22.856009833719195
-1.2400000000000801	49.99999999999999	35.41870037849659	22.69772235382822
-1.2300000000000804	50.0	35.23102188303179	22.539434873937243
-1.2200000000000806	49.99999999999999	35.043343387566985	22.38114739404627
-1.2100000000000808	50.0	34.85566489210218	22.222859914155293
-1.200000000000081	50.0	34.66798639663739	22.06457243426432
-1.1900000000000812	50.0	34.46369255730881	21.901790543147214
-1.1800000000000814	49.99999999999999	34.25939871797994	21.73900865203004
-1.1700000000000816	50.0	34.05510487865107	21.576226760912867
-1.1600000000000819	50.0	33.8508110393222	21.413444869795693
-1.150000000000082	50.0	33.64651719999333	21.250662978678516
-1.1400000000000823	50.0	33.44222336066447	21.08788108756134
-1.1300000000000825	50.0	33.2379295213356	20.925099196444165
-1.1200000000000827	50.0	33.03363568200673	20.762317305326988
-1.110000000000083	50.0	32.82934184267787	20.599535414209814
-1.1000000000000831	50.0	32.625048003348994	20.43675352309264
-1.0900000000000833	50.0	32.40418048690697	20.269786705633592
-1.0800000000000836	50.0	32.18331297046472	20.10281988817449
-1.0700000000000838	50.00000000000001	31.962445454022475	19.93585307071539
-1.060000000000084	49.99999999999999	31.74157793758022	19.768886253256284
-1.0500000000000842	50.0	31.520710421137974	19.601919435797182
-1.0400000000000844	50.00000000000001	31.299842904695726	19.434952618338077
-1.0300000000000846	49.99999999999999	31.078975388253475	19.267985800878975
-1.0200000000000848	50.0	30.858107871811224	19.101018983419873
-1.010000000000085	50.0	30.637240355368977	18.93405216596077
-1.0000000000000853	50.00000000000001	30.41637283892673	18.76708534850167
-0.9900000000000855	50.0	30.17991910405373	18.596440029014083
-0.9800000000000857	50.00000000000001	29.943465369180608	18.42579470952647
-0.9700000000000859	50.0	29.707011634307488	18.255149390038856
-0.9600000000000861	50.0	29.470557899434358	18.084504070551244
-0.9500000000000863	50.0	29.234104164561227	17.91385875106363
-0.9400000000000865	50.00000000000001	28.997650429688104	17.743213431576013
-0.9300000000000868	49.99999999999999	28.761196694814977	17.572568112088398
-0.920000000000087	50.0	28.52474295994185	17.401922792600782
-0.9100000000000872	50.00000000000001	28.288289225068727	17.23127747311317
-0.9000000000000874	50.00000000000001	28.041259876247512	17.058179492693284
-0.8900000000000876	50.0	27.790744116047165	16.884272955434483
-0.8800000000000878	50.0	27.54022835584683	16.71036641817569
-0.870000000000088	50.0	27.28971259564649	16.53645988091689
-0.8600000000000882	50.0	27.03919683544615	16.362553343658092
-0.8500000000000885	50.0	26.788681075245805	16.188646806399294
-0.8400000000000887	50.0	26.538165315045468	16.014740269140496
-0.8300000000000889	50.0	26.287649554845125	15.840833731881697
-0.8200000000000891	50.0	26.033533909750492	15.666190234310921
-0.8100000000000893	49.99999999999999	25.771112336313895	15.489846365833332
-0.8000000000000895	50.0	25.508690762877293	15.313502497355744
-0.7900000000000897	49.99999999999999	25.246269189440692	15.137158628878158
-0.78000000000009	49.99999999999999	24.983847616004095	14.960814760400572
-0.7700000000000902	49.99999999999999	24.721426042567494	14.78447089192298
-0.7600000000000904	49.99999999999999	24.459004469130893	14.608127023445393
-0.7500000000000906	50.0	24.1965828956943	14.431783154967805
-0.7400000000000908	50.00000000000001	23.928195946839878	14.254210747498032
-0.730000000000091	50.0	23.655524351005617	14.075755938584294
-0.7200000000000912	50.0	23.382852755171353	13.897301129670552
-0.7100000000000914	50.0	23.11018115933709	13.71884632075681
-0.7000000000000917	50.0	22.837509563502827	13.540391511843072
-0.6900000000000919	50.00000000000001	22.564837967668563	13.36193670292933
-0.6800000000000921	50.0	22.292166371834302	13.183481894015591
-0.6700000000000923	49.99999999999999	22.01687556470867	13.005404517052222
-0.6600000000000925	50.0	21.739243210916154	12.827664560184854
-0.6500000000000927	50.0	21.46161085712363	12.649924603317485
-0.6400000000000929	50.0	21.18397850333111	12.472184646450115
-0.6300000000000932	50.0	20.90634614953859	12.294444689582747
-0.6200000000000934	50.0	20.628713795746066	12.116704732715377
-0.6100000000000936	50.0	20.351132362943805	11.93930012998945
-0.6000000000000938	50.0	20.074114662844394	11.765608143526334
-0.590000000000094	50.0	19.79709696274498	11.591916157063217
-0.5800000000000942	50.0	19.52007926264557	11.418224170600102
-0.5700000000000944	50.0	19.243061562546156	11.244532184136984
-0.5600000000000946	50.0	18.966043862446742	11.070840197673869
-0.5500000000000949	50.0	18.6889164192398	10.897632198941693
-0.5400000000000951	50.0	18.411333064287344	10.72643485669791
-0.5300000000000953	50.0	18.13374970933489	10.555237514454124
-0.5200000000000955	49.99999999999999	17.856166354382434	10.384040172210339
-0.5100000000000957	50.0	17.57858299942998	10.212842829966554
-0.5000000000000959	50.0	17.300999644477525	10.04164548772277
-0.49000000000009614	49.99999999999999	17.019239442444448	9.870009531536992
-0.48000000000009635	50.0	16.73652145167986	9.69827299721584
-0.47000000000009656	49.99999999999999	16.45380346091527	9.526536462894686
-0.4600000000000968	50.0	16.171085470150683	9.354799928573536
-0.450000000000097	50.0	15.888367479386094	9.183063394252386
-0.4400000000000972	50.0	15.601795379686674	9.010639542604379
-0.4300000000000974	49.99999999999999	15.314782325399028	8.83813705391368
-0.42000000000009763	49.99999999999999	15.027769271111381	8.665634565222984
-0.41000000000009784	49.99999999999999	14.740756216823737	8.493132076532286
-0.40000000000009805	49.99999999999999	14.4519795368155	8.320320431387977
-0.39000000000009827	50.0	14.160617607485309	8.147055602496826
-0.3800000000000985	50.0	13.869255678155115	7.973790773605674
-0.3700000000000987	50.00000000000001	13.577893748824925	7.800525944714524
-0.3600000000000989	49.99999999999999	13.285521941342504	7.627115916235217
-0.3500000000000991	50.0	12.990809865988211	7.453369405646254
-0.34000000000009933	50.00000000000001	12.696097790633921	7.27962289505729
-0.33000000000009955	50.0	12.40138571527963	7.105876384468326
-0.32000000000009976	49.99999999999999	12.105652329741352	6.932129581023686
-0.3100000000001	49.99999999999999	11.80908868204097	6.758382539505453
-0.3000000000001002	50.0	11.51252503434059	6.584635497987221
-0.2900000000001004	50.00000000000001	11.215802263242487	6.4109252211108565
-0.2800000000001006	50.0	10.917969717523185	6.23747135194756
-0.2700000000001008	50.00000000000001	10.620137171803881	6.064017482784264
-0.26000000000010104	50.0	10.322304626084577	5.890563613620968
-0.25000000000010125	49.999999999999986	10.023523946798857	5.717381339412309
-0.24000000000010147	50.0	9.724738449170838	5.544200445428448
-0.23000000000010168	50.0	9.425826153260457	5.3710442302536325
-0.2200000000001019	50.0	9.126099223895787	5.198046567569332
-0.2100000000001021	50.0	8.826372294531113	5.025048904885029
-0.20000000000010232	50.0	8.526138509131332	4.852058800233356
-0.19000000000010253	50.0	8.225439305763683	4.679075635706577
-0.18000000000010274	49.99999999999999	7.924642126694108	4.506102143089089
-0.17000000000010296	50.0	7.623209044948833	4.333191425148142
-0.16000000000010317	49.99999999999999	7.321775963203558	4.160280707207195
-0.15000000000010338	49.99999999999999	7.019770198023651	3.987420892356183
-0.1400000000001036	50.0	6.7177354314463615	3.814563655300599
-0.1300000000001038	50.0	6.415496495085613	3.6419465069043837
-0.12000000000010402	50.0	6.113305373012944	3.469409480406276
-0.11000000000010424	50.0	5.811471044645217	3.2973112616460134
-0.10000000000010445	50.0	5.510136541336655	3.1256085663603486
-0.09000000000010466	50.00000000000001	5.20935905188305	2.9543466494055686
-0.08000000000010488	50.0	4.910762803729732	2.784522622827323
-0.07000000000010509	50.0	4.614088071322064	2.615889325688774
-0.0600000000001053	49.99999999999999	4.320235730951859	2.448964680332363
-0.050000000000105516	49.999999999999986	4.030603624769058	2.2845381496869144
-0.04000000000010573	49.99999999999999	3.746819134657739	2.123529489672145
-0.030000000000105942	50.0	3.471129410521609	1.9671997730858184
-0.020000000000106155	50.0	3.2053980917895055	1.8165869574795335
-0.010000000000106368	50.0	2.951488221820258	1.6727345603029042
-1.0658141036401503e-13	7.897620057928378e-10	2.710822982072049	1.5364364677077722
0.009999999999893205	0.0	2.488510077546415	1.410584167714738
0.019999999999892992	0.0	2.2817128623048726	1.2935530129182442
0.02999999999989278	0.0	2.0924612025200977	1.1864871948056719
0.039999999999892566	0.0	1.9207762787150806	1.089392148967477
0.04999999999989235	0.0	1.7670906476464339	1.002508323387415
0.05999999999989214	0.0	1.6319192640310038	0.9261204578696846
0.06999999999989193	0.0	1.5097688724319085	0.857116900897031
0.07999999999989171	0.0	1.3989547247798801	0.7945410401077263
0.0899999999998915	0.0	1.2979857479309336	0.737546119836065
0.09999999999989129	0.0	1.2127606215854487	0.6894697536955374
0.10999999999989107	0.0	1.1345749836353916	0.6453811782060936
0.11999999999989086	0.0	1.0627060874921979	0.604870965590162
0.12999999999989065	0.0	1.0012772792856994	0.5702764650786365
0.13999999999989043	0.0	0.9419282665676826	0.5368603658688271
0.14999999999989022	0.0	0.8922901981057656	0.5089449269474746
0.15999999999989	0.0	0.8431003730430306	0.4812832789836217
0.1699999999998898	0.0	0.8027618997456166	0.4586331784151931
0.17999999999988958	0.0	0.7624234264482028	0.43598307784676443
0.18999999999988937	0.0	0.7285728997206065	0.41700504981233477
0.19999999999988916	0.0	0.695721993130108	0.3985927905632008
0.20999999999988894	0.0	0.6653231545464862	0.381570234596438
0.21999999999988873	0.0	0.6375947016253044	0.3660611128859367
0.22999999999988852	0.0	0.6098662487041225	0.35055199117543523
0.2399999999998883	0.0	0.5865881671411971	0.33756099184002997
0.2499999999998881	0.0	0.5640027890780452	0.32496194006173185
0.2599999999998879	0.0	0.5414385252830183	0.31237483141475547
0.26999999999988766	0.0	0.5230290404125219	0.30213784307575897
0.27999999999988745	0.0	0.5046195555420254	0.29190085473676247
0.28999999999988724	0.0	0.48621007067152905	0.281663866397766
0.299999999999887	0.0	0.47067585077173313	0.2730529488629616
0.3099999999998868	0.0	0.4555538965009977	0.26467518309323557
0.3199999999998866	0.0	0.44043194223026233	0.2562974173235095
0.3299999999998864	0.0	0.4264629696397944	0.24857116778418736
0.33999999999988617	0.0	0.413912286340177	0.24164635204751042
0.34999999999988596	0.0	0.4013616030405596	0.23472153631083345
0.35999999999988574	0.0	0.38881091974094223	0.22779672057415654
0.36999999999988553	0.0	0.37797965629607705	0.22184158703612641
0.3799999999998853	0.0	0.3678903611399266	0.21630489314769005
0.3899999999998851	0.0	0.3578010659837762	0.2107681992592537
0.3999999999998849	0.0	0.34771177082762583	0.20523150537081733
0.4099999999998847	0.0	0.33865778007465647	0.20027829925282462
0.41999999999988447	0.0	0.33031006142508196	0.19572314141287472
0.42999999999988425	0.0	0.3219623427755074	0.19116798357292483
0.43999999999988404	0.0	0.3136146241259329	0.186612825732975
0.4499999999998838	0.0	0.3054112618781866	0.18213883444514412
0.4599999999998836	0.0	0.29846962887665274	0.17837426935058018
0.4699999999998834	0.0	0.2915279958751188	0.17460970425601624
0.4799999999998832	0.0	0.28458636287358485	0.1708451391614523
0.489999999999883	0.0	0.2776447298720509	0.16708057406688834
0.49999999999988276	0.0	0.2709314088200075	0.1634436994547259
0.5099999999998825	0.0	0.2652137395968753	0.1603636737618657
0.5199999999998823	0.0	0.25949607037374306	0.1572836480690055
0.5299999999998821	0.0	0.25377840115061084	0.15420362237614535
0.5399999999998819	0.0	0.24806073192747863	0.15112359668328512
0.5499999999998817	0.0	0.24234306270434638	0.14804357099042492
0.5599999999998815	0.0	0.2373114657081106	0.14534834323147205
0.5699999999998813	0.0	0.2324450140477694	0.14274574068245394
0.579999999999881	0.0	0.22757856238742824	0.14014313813343582
0.5899999999998808	0.0	0.22271211072708702	0.1375405355844177
0.5999999999998806	0.0	0.21784565906674583	0.13493793303539958
0.6099999999998804	0.0	0.21297920740640464	0.13233533048638144
0.6199999999998802	0.0	0.20895289214426027	0.1301973977527661
0.62999999999988	0.0	0.20500246493565305	0.12810143783202257
0.6399999999998798	0.0	0.20105203772704583	0.12600547791127906
0.6499999999998796	0.0	0.19710161051843858	0.12390951799053554
0.6599999999998793	0.0	0.1931511833098313	0.12181355806979202
0.6699999999998791	0.0	0.18920075610122405	0.11971759814904848
0.6799999999998789	0.0	0.1855630129012094	0.11779322012337343
0.6899999999998787	0.0	0.18227503231681483	0.11606077046871521
0.6999999999998785	0.0	0.17898705173242024	0.114328320814057
0.7099999999998783	0.0	0.1756990711480257	0.11259587115939877
0.7199999999998781	0.0	0.17241109056363105	0.11086342150474053
0.7299999999998779	0.0	0.16912310997923646	0.10913097185008233
0.7399999999998776	0.0	0.1658351293948419	0.10739852219542412
0.7499999999998774	0.0	0.16275123829719437	0.10577718460643362
0.7599999999998772	0.0	0.15995149439159662	0.1043105447530569
0.769999999999877	0.0	0.1571517504859989	0.10284390489968015
0.7799999999998768	0.0	0.15435200658040113	0.10137726504630341
0.7899999999998766	0.0	0.15155226267480337	0.09991062519292666
0.7999999999998764	0.0	0.14875251876920564	0.09844398533954993
0.8099999999998762	0.0	0.14595277486360791	0.09697734548617319
0.8199999999998759	0.0	0.14315303095801019	0.09551070563279646
0.8299999999998757	0.0	0.1407295582662026	0.09424488185759489
0.8399999999998755	0.0	0.13846916584713376	0.09306609408089359
0.8499999999998753	0.0	0.1362087734280649	0.09188730630419228
0.8599999999998751	0.0	0.13394838100899606	0.09070851852749098
0.8699999999998749	0.0	0.13168798858992725	0.08952973075078968
0.8799999999998747	0.0	0.12942759617085842	0.08835094297408838
0.8899999999998744	0.0	0.12716720375178958	0.08717215519738708
0.8999999999998742	0.0	0.12490681133272073	0.08599336742068578
0.909999999999874	0.0	0.12271790074644186	0.08485225644499972
0.9199999999998738	0.0	0.12074582179184183	0.08382543356073097
0.9299999999998736	0.0	0.11877374283724179	0.0827986106764622
0.9399999999998734	0.0	0.11680166388264177	0.08177178779219346
0.9499999999998732	0.0	0.11482958492804171	0.08074496490792471
0.959999999999873	0.0	0.11285750597344169	0.07971814202365593
0.9699999999998727	0.0	0.11088542701884165	0.07869131913938719
0.9799999999998725	0.0	0.10891334806424162	0.07766449625511844
0.9899999999998723	0.0	0.10694126910964157	0.07663767337084967
0.9999999999998721	0.0	0.10496919015504154	0.07561085048658092
1.009999999999872	0.0	0.10336215125484667	0.07477125667232953
1.0199999999998717	0.0	0.10175511235465644	0.07393166285808055
1.0299999999998715	0.0	0.10014807345446622	0.07309206904383156
1.0399999999998712	0.0	0.09854103455427601	0.07225247522958257
1.049999999999871	0.0	0.09693399565408578	0.07141288141533358
1.0599999999998708	0.0	0.09532695675389555	0.07057328760108458
1.0699999999998706	0.0	0.09371991785370531	0.06973369378683558
1.0799999999998704	0.0	0.0921128789535151	0.0688940999725866
1.0899999999998702	0.0	0.09050584005332488	0.06805450615833761
1.09999999999987	0.0	0.08889880115313464	0.0672149123440886
1.1099999999998698	0.0	0.08740506635030763	0.0664316105887989
1.1199999999998695	0.0	0.08609144223855045	0.06573779193144516
1.1299999999998693	0.0	0.08477781812679328	0.06504397327409142
1.1399999999998691	0.0	0.08346419401503609	0.0643501546167377
1.149999999999869	0.0	0.0821505699032789	0.06365633595938396
1.1599999999998687	0.0	0.08083694579152173	0.06296251730203022
1.1699999999998685	0.0	0.07952332167976453	0.06226869864467648
1.1799999999998683	0.0	0.07820969756800736	0.06157487998732275
1.189999999999868	0.0	0.07689607345625019	0.06088106132996901
1.1999999999998678	0.0	0.075582449344493	0.06018724267261528
1.2099999999998676	0.0	0.07426882523273581	0.059493424015261545
1.2199999999998674	0.0	0.07295520112097864	0.058799605357907805
1.2299999999998672	0.0	0.07172270717687818	0.05814491525534018
1.239999999999867	0.0	0.07065955179735275	0.05757189604650728
1.2499999999998668	0.0	0.06959639641782733	0.056998876837674406
1.2599999999998666	0.0	0.06853324103830188	0.05642585762884151
1.2699999999998663	0.0	0.06747008565877645	0.05585283842000861
1.2799999999998661	0.0	0.06640693027925103	0.055279819211175724
1.289999999999866	0.0	0.06534377489972559	0.05470680000234285
1.2999999999998657	0.0	0.06428061952020017	0.05413378079350996
1.3099999999998655	0.0	0.06321746414067475	0.053560761584677076
1.3199999999998653	0.0	0.0621543087611493	0.05298774237584418
1.329999999999865	0.0	0.061091153381623874	0.05241472316701129
1.3399999999998649	0.0	0.06002799800209845	0.05184170395817841
1.3499999999998646	0.0	0.058964842622573024	0.051268684749345525
1.3599999999998644	0.0	0.05790168724304759	0.05069566554051263
1.3699999999998642	0.0	0.056980845176011416	0.0501887095796651
1.379999999999864	0.0	0.05614886396760039	0.049723003708755494
1.3899999999998638	0.0	0.05531688275918936	0.04925729783784588
1.3999999999998636	0.0	0.05448490155077834	0.048791591966936276
1.4099999999998634	0.0	0.05365292034236733	0.04832588609602668
1.4199999999998631	0.0	0.0528209391339563	0.04786018022511708
1.429999999999863	0.0	0.05198895792554528	0.04739447435420747
1.4399999999998627	0.0	0.051156976717134255	0.04692876848329786
1.4499999999998625	0.0	0.05032499550872323	0.04646306261238825
1.4599999999998623	0.0	0.04949301430031221	0.04599735674147866
1.469999999999862	0.0	0.04866103309190119	0.04553165087056905
1.4799999999998619	0.0	0.04782905188349016	0.04506594499965944
1.4899999999998617	0.0	0.04699707067507913	0.044600239128749844
1.4999999999998614	0.0	0.04616508946666811	0.04413453325784023
1.5099999999998612	0.0	0.045333108258257086	0.04366882738693063
1.519999999999861	0.0	0.04450786527442301	0.04320610197816665
1.5299999999998608	0.0	0.04385986912836463	0.04282177667085213
1.5399999999998606	0.0	0.04321187298230625	0.042437451363537604
1.5499999999998604	0.0	0.04256387683624788	0.04205312605622309
1.5599999999998602	0.0	0.04191588069018949	0.04166880074890857
1.56999999999986	0.0	0.04126788454413111	0.04128447544159405
1.5799999999998597	0.0	0.04061988839807273	0.04090015013427953
1.5899999999998595	0.0	0.039971892252014356	0.040515824826965016
1.5999999999998593	0.0	0.03932389610595598	0.04013149951965049
1.609999999999859	0.0	0.03867589995989759	0.03974717421233597
1.6199999999998589	0.0	0.03802790381383922	0.03936284890502145
1.6299999999998587	0.0	0.037379907667780835	0.03897852359770694
1.6399999999998585	0.0	0.03673191152172245	0.038594198290392415
1.6499999999998582	0.0	0.03608391537566408	0.038209872983077896
1.659999999999858	0.0	0.03543591922960569	0.03782554767576338
1.6699999999998578	0.0	0.03478792308354732	0.03744122236844886
1.6799999999998576	0.0	0.034139926937488935	0.03705689706113434
1.6899999999998574	0.0	0.03349193079143055	0.03667257175381982
1.6999999999998572	0.0	0.03289619856562914	0.036311017178056536
1.709999999999857	0.0	0.03240578045390368	0.03599534663487998
1.7199999999998568	0.0	0.031915362342178205	0.03567967609170341
1.7299999999998565	0.0	0.03142494423045273	0.03536400554852684
1.7399999999998563	0.0	0.030934526118727265	0.035048335005350276
1.7499999999998561	0.0	0.030444108007001792	0.03473266446217371
1.759999999999856	0.0	0.02995368989527632	0.03441699391899715
1.7699999999998557	0.0	0.029463271783550845	0.03410132337582057
1.7799999999998555	0.0	0.028972853671825376	0.033785652832644016
1.7899999999998553	0.0	0.028482435560099908	0.033469982289467445
1.799999999999855	0.0	0.027992017448374432	0.03315431174629088
1.8099999999998548	0.0	0.02750159933664896	0.03283864120311432
1.8199999999998546	0.0	0.02701118122492349	0.032522970659937755
1.8299999999998544	0.0	0.026520763113198016	0.03220730011676118
1.8399999999998542	0.0	0.026030345001472548	0.031891629573584615
1.849999999999854	0.0	0.025539926889747072	0.03157595903040805
1.8599999999998538	0.0	0.025049508778021604	0.03126028848723148
1.8699999999998536	0.0	0.024559090666296128	0.030944617944054918
1.8799999999998533	0.0	0.024068672554570663	0.03062894740087836
1.8899999999998531	0.0	0.023578254442845184	0.030313276857701788
1.899999999999853	0.0	0.023118466903830653	0.03001104830275575
1.9099999999998527	0.0	0.02277346983459484	0.029759194651286177
1.9199999999998525	0.0	0.022428472765359028	0.02950734099981661
1.9299999999998523	0.0	0.022083475696123213	0.029255487348347035
1.939999999999852	0.0	0.0217384786268874	0.029003633696877463
1.9499999999998519	0.0	0.02139348155765159	0.028751780045407897
1.9599999999998516	0.0	0.021048484488415776	0.02849992639393832
1.9699999999998514	0.0	0.020703487419179968	0.028248072742468752
1.9799999999998512	0.0	0.02035849034994415	0.02799621909099918
1.989999999999851	0.0	0.02001349328070834	0.027744365439529607
